--------------------------------------------------------------------------------
Model                    Acc    BAcc   F1mac    F1wt     MCC     Params   ms/img
--------------------------------------------------------------------------------
densenet121_seed123   0.9597  0.8972  0.8460  0.9627  0.8693  6,956,809    7.54
densenet121_seed456   0.9670  0.8952  0.8683  0.9686  0.8873  6,956,809    7.90
resnet18_cbam_seed123  0.9597  0.9022  0.8498  0.9621  0.8674 11,219,793    2.37
resnet18_cbam_seed456  0.9592  0.8995  0.8549  0.9620  0.8657 11,219,793    2.09
run0_densenet121      0.9589  0.9120  0.8439  0.9615  0.8597  6,956,809    8.10
run0_resnet18_cbam    0.9518  0.9012  0.8431  0.9562  0.8424 11,219,793    2.10
run0_vit_tiny         0.8566  0.8193  0.6841  0.8883  0.6446  5,365,641    3.73
run0_vit_tiny_v2      0.4348  0.8094  0.5212  0.5289  0.3453  5,393,289    3.77
run0_vit_tiny_v3      0.9203  0.8187  0.7444  0.9290  0.7521  5,393,289    3.83
vit_tiny_v3_seed123   0.9268  0.7920  0.7391  0.9352  0.7713  5,393,289    3.68
vit_tiny_v3_seed456   0.9383  0.7862  0.7577  0.9421  0.7978  5,393,289    3.69
--------------------------------------------------------------------------------

Per-Class F1               None   Edge-Loc  Edge-Ring        Loc     Center    Scratch     Random      Donut  Near-Full
densenet121_seed123      0.9800     0.7768     0.9819     0.6929     0.8613     0.6934     0.8706     0.8876     0.8696
densenet121_seed456      0.9847     0.7952     0.9751     0.7489     0.8821     0.8130     0.8959     0.8284     0.8919
resnet18_cbam_seed123     0.9802     0.7206     0.9688     0.7244     0.8979     0.7180     0.8489     0.9091     0.8800
resnet18_cbam_seed456     0.9801     0.7489     0.9622     0.7161     0.8996     0.7544     0.8834     0.8521     0.8974
run0_densenet121         0.9806     0.7810     0.9658     0.7070     0.8509     0.6855     0.8991     0.8327     0.8923
run0_resnet18_cbam       0.9760     0.7155     0.9718     0.6789     0.8746     0.7050     0.8987     0.8907     0.8772
run0_vit_tiny            0.9187     0.5574     0.9293     0.5042     0.7504     0.0978     0.8052     0.7576     0.8358
run0_vit_tiny_v2         0.5271     0.2738     0.9176     0.2141     0.4355     0.0320     0.8211     0.7351     0.7342
run0_vit_tiny_v3         0.9588     0.5925     0.9266     0.5517     0.8717     0.2294     0.8369     0.7985     0.9333
vit_tiny_v3_seed123      0.9625     0.6464     0.9600     0.5793     0.8082     0.1968     0.8054     0.7956     0.8980
vit_tiny_v3_seed456      0.9694     0.6920     0.9310     0.5802     0.8823     0.2103     0.8621     0.8272     0.8649
--------------------------------------------------------------------------------